Finished training. Best values are:
val_accuracy:0.95 val_recall:0.243 val_precision:0.367 val_f1:0.282
Report:
               precision    recall  f1-score   support

           0       0.97      0.99      0.98      6098
           1       0.54      0.47      0.50        43
           2       0.56      0.31      0.40        16
           3       0.30      0.20      0.24        15
           4       0.50      0.40      0.44         5
           5       0.67      0.33      0.44         6
           6       0.44      0.27      0.33        26
           7       0.00      0.00      0.00        13
           8       0.56      0.56      0.56        62
           9       0.33      0.08      0.13        36
          10       0.38      0.09      0.15        53
          11       0.00      0.00      0.00         6
          12       0.00      0.00      0.00         3
          13       0.00      0.00      0.00        13
          14       0.50      0.14      0.22         7
          15       0.77      0.52      0.62        33
          16       0.29      0.22      0.25         9
          17       0.00      0.00      0.00         4
          18       0.40      0.25      0.31         8
          19       0.50      0.25      0.33         8
          20       0.00      0.00      0.00         3

   micro avg       0.95      0.95      0.95      6467
   macro avg       0.37      0.24      0.28      6467
weighted avg       0.94      0.95      0.94      6467
Finished training. Best values are:
val_accuracy:0.956 val_recall:0.229 val_precision:0.368 val_f1:0.269
Report:
               precision    recall  f1-score   support

           0       0.97      0.99      0.98      6097
           1       0.72      0.60      0.66        43
           2       0.38      0.19      0.25        16
           3       0.29      0.13      0.18        15
           4       0.67      0.50      0.57         4
           5       0.00      0.00      0.00         6
           6       0.35      0.27      0.30        26
           7       0.20      0.08      0.12        12
           8       0.71      0.58      0.64        62
           9       0.39      0.19      0.26        36
          10       0.62      0.31      0.41        52
          11       0.00      0.00      0.00         6
          12       0.00      0.00      0.00         2
          13       0.00      0.00      0.00        12
          14       1.00      0.14      0.25         7
          15       0.71      0.47      0.57        32
          16       0.40      0.22      0.29         9
          17       0.00      0.00      0.00         4
          18       0.33      0.12      0.18         8
          19       0.00      0.00      0.00         7
          20       0.00      0.00      0.00         3

   micro avg       0.96      0.96      0.96      6459
   macro avg       0.37      0.23      0.27      6459
weighted avg       0.94      0.96      0.95      6459
Finished training. Best values are:
val_accuracy:0.951 val_recall:0.22 val_precision:0.326 val_f1:0.249
Report:
               precision    recall  f1-score   support

           0       0.97      0.99      0.98      6097
           1       0.55      0.26      0.35        43
           2       0.25      0.25      0.25        16
           3       0.50      0.33      0.40        15
           4       0.33      0.25      0.29         4
           5       0.00      0.00      0.00         6
           6       0.45      0.19      0.27        26
           7       0.00      0.00      0.00        12
           8       0.75      0.66      0.70        62
           9       0.29      0.14      0.19        36
          10       0.46      0.31      0.37        52
          11       1.00      0.20      0.33         5
          12       0.00      0.00      0.00         2
          13       0.00      0.00      0.00        12
          14       0.00      0.00      0.00         7
          15       0.76      0.78      0.77        32
          16       0.20      0.11      0.14         9
          17       0.00      0.00      0.00         4
          18       0.33      0.14      0.20         7
          19       0.00      0.00      0.00         7
          20       0.00      0.00      0.00         2

   micro avg       0.95      0.95      0.95      6456
   macro avg       0.33      0.22      0.25      6456
weighted avg       0.94      0.95      0.94      6456
