Finished training. Best values are:
val_accuracy:0.962 val_recall:0.275 val_precision:0.291 val_f1:0.281
Report:
               precision    recall  f1-score   support

           0       0.97      0.97      0.97     21947
           1       0.99      0.99      0.99     21055
           2       0.93      0.97      0.95     40244
           3       0.97      0.95      0.96     29922
           4       0.87      0.90      0.89     12154
           5       0.98      0.99      0.99      5925
           6       0.96      0.93      0.95      5208
           7       1.00      0.99      0.99     23852
           8       0.96      0.88      0.92      9228
           9       0.97      0.93      0.95      2213
          10       0.99      0.98      0.99      9077
          11       0.77      0.40      0.53       196
          12       0.00      0.00      0.00         1
          13       0.00      0.00      0.00         2
          14       0.00      0.00      0.00         6
          15       0.00      0.00      0.00         1
          16       0.00      0.00      0.00         1
          17       0.00      0.00      0.00         1
          18       0.00      0.00      0.00         1
          19       0.00      0.00      0.00         1
          20       0.00      0.00      0.00         1
          21       0.00      0.00      0.00         1
          22       0.00      0.00      0.00         1
          23       0.00      0.00      0.00         1
          24       0.25      0.12      0.17         8
          25       0.00      0.00      0.00         1
          26       0.00      0.00      0.00         1
          27       0.00      0.00      0.00         1
          28       0.00      0.00      0.00         5
          29       0.00      0.00      0.00         1
          30       0.00      0.00      0.00         2
          31       0.00      0.00      0.00         2
          32       0.00      0.00      0.00         1
          33       0.00      0.00      0.00         1
          34       0.00      0.00      0.00         2
          35       0.00      0.00      0.00         1
          36       0.00      0.00      0.00         1
          37       0.00      0.00      0.00         1
          38       0.00      0.00      0.00         1
          39       0.00      0.00      0.00         1

   micro avg       0.96      0.96      0.96    181069
   macro avg       0.29      0.28      0.28    181069
weighted avg       0.96      0.96      0.96    181069
Finished training. Best values are:
val_accuracy:0.963 val_recall:0.46 val_precision:0.505 val_f1:0.47
Report:
               precision    recall  f1-score   support

           0       0.98      0.97      0.97     21947
           1       0.98      1.00      0.99     21055
           2       0.95      0.97      0.96     40244
           3       0.98      0.96      0.97     29922
           4       0.90      0.89      0.90     12154
           5       1.00      0.98      0.99      5925
           6       0.92      0.90      0.91      5207
           7       0.99      0.99      0.99     23852
           8       0.90      0.91      0.91      9228
           9       0.98      0.96      0.97      2213
          10       0.99      0.98      0.98      9076
          11       0.56      0.33      0.42       196
          13       0.00      0.00      0.00         2
          14       1.00      0.20      0.33         5
          15       0.00      0.00      0.00         1
          17       0.00      0.00      0.00         1
          19       0.00      0.00      0.00         1
          20       0.00      0.00      0.00         1
          22       0.00      0.00      0.00         1
          24       0.00      0.00      0.00         7
          28       0.00      0.00      0.00         5
          30       0.00      0.00      0.00         1
          31       0.00      0.00      0.00         1
          34       0.00      0.00      0.00         1

   micro avg       0.96      0.96      0.96    181046
   macro avg       0.51      0.46      0.47    181046
weighted avg       0.96      0.96      0.96    181046
Finished training. Best values are:
val_accuracy:0.957 val_recall:0.533 val_precision:0.557 val_f1:0.542
Report:
               precision    recall  f1-score   support

           0       0.97      0.95      0.96     21947
           1       0.97      0.99      0.98     21054
           2       0.95      0.96      0.96     40244
           3       0.97      0.97      0.97     29921
           4       0.91      0.85      0.88     12153
           5       1.00      0.93      0.96      5924
           6       0.83      0.91      0.87      5207
           7       0.99      1.00      1.00     23851
           8       0.87      0.89      0.88      9227
           9       0.95      0.92      0.93      2212
          10       0.99      0.98      0.98      9076
          11       0.46      0.34      0.39       196
          13       0.00      0.00      0.00         1
          14       0.33      0.20      0.25         5
          15       0.00      0.00      0.00         1
          22       0.00      0.00      0.00         1
          24       0.50      0.29      0.36         7
          28       0.00      0.00      0.00         4
          30       0.00      0.00      0.00         1
          31       0.00      0.00      0.00         1
          34       0.00      0.00      0.00         1

   micro avg       0.96      0.96      0.96    181034
   macro avg       0.56      0.53      0.54    181034
weighted avg       0.96      0.96      0.96    181034
